0.0187159
0.0152835
0.0135652
0.0134663
0.0134238
0.0127884
0.0127307
0.0119224
0.0115285
0.0108134
0.0098980
0.0098116
0.0093724
0.0087548
0.0086216
0.0083705
0.0082676
0.0082374
0.0081962
0.0079368
0.0074853
0.0068704
0.0068045
0.0067743
0.0067098
0.0065946
0.0064724
0.0064683
0.0064148
0.0061705
0.0057848
0.0057574
0.0057533
0.0056984
0.0056009
0.0055941
0.0054239
0.0052372
0.0049559
0.0049545
0.0048241
0.0047994
0.0047610
0.0046237
0.0044892
0.0043232
0.0042793
0.0040405
0.0040295
0.0039650
0.0038483
0.0038250
0.0038236
0.0037852
0.0037440
0.0037399
0.0037289
0.0036836
0.0035738
0.0035683
0.0035560
0.0035381
0.0035011
0.0034064
0.0033913
0.0033776
0.0033254
0.0032760
0.0032280
0.0032239
0.0031539
0.0031031
0.0030962
0.0030619
0.0030290
0.0029864
0.0029109
0.0028382
0.0027517
0.0027421
0.0027311
0.0027064
0.0026721
0.0026653
0.0026323
0.0026323
0.0026296
0.0025747
0.0025706
0.0025596
0.0025267
0.0024882
0.0024402
0.0024210
0.0024100
0.0024086
0.0024004
0.0023976
0.0023949
0.0023565
0.0023469
0.0023441
0.0023180
0.0022824
0.0022590
0.0022288
0.0022220
0.0021259
0.0021245
0.0020861
0.0020573
0.0020367
0.0020134
0.0020065
0.0019955
0.0019887
0.0019667
0.0019379
0.0019324
0.0019296
0.0019255
0.0019214
0.0019077
0.0018857
0.0018734
0.0018679
0.0018185
0.0017979
0.0017897
0.0017828
0.0017718
0.0017471
0.0017416
0.0017320
0.0016771
0.0016469
0.0016387
0.0016305
0.0016236
0.0016236
0.0016112
0.0016085
0.0015961
0.0015948
0.0015687
0.0015454
0.0015440
0.0015316
0.0015316
0.0015220
0.0015042
0.0014973
0.0014932
0.0014877
0.0014699
0.0014562
0.0014548
0.0014438
0.0014369
0.0013944
0.0013848
0.0013779
0.0013724
0.0013368
0.0013340
0.0013299
0.0013285
0.0013244
0.0013038
0.0012970
0.0012928
0.0012873
0.0012832
0.0012764
0.0012709
0.0012558
0.0012434
0.0012393
0.0012366
0.0012338
0.0012160
0.0011899
0.0011885
0.0011885
0.0011734
0.0011679
0.0011666
0.0011638
0.0011570
0.0011556
0.0011556
0.0011501
0.0011378
0.0011350
0.0011309
0.0011089
0.0011089
0.0011076
0.0010966
0.0010815
0.0010815
0.0010774
0.0010774
0.0010568
0.0010540
0.0010513
0.0010458
0.0010458
0.0010444
0.0010362
0.0010362
0.0010348
0.0010334
0.0010293
0.0010252
0.0010252
0.0010170
0.0010156
0.0010129
0.0010115
0.0010115
0.0010060
0.0010046
0.0010033
0.0010005
0.0009991
0.0009991
0.0009895
0.0009868
0.0009827
0.0009813
0.0009799
0.0009717
0.0009607
0.0009566
0.0009387
0.0009360
0.0009346
0.0009319
0.0009305
0.0009209
0.0009209
0.0009168
0.0009113
0.0009113
0.0009099
0.0009099
0.0009072
0.0008976
0.0008825
0.0008797
0.0008784
0.0008784
0.0008784
0.0008770
0.0008591
0.0008591
0.0008591
0.0008564
0.0008537
0.0008523
0.0008509
0.0008495
0.0008482
0.0008468
0.0008427
0.0008372
0.0008372
0.0008221
0.0008193
0.0008166
0.0008152
0.0008111
0.0008042
0.0008029
0.0008029
0.0007988
0.0007988
0.0007905
0.0007850
0.0007850
0.0007837
0.0007823
0.0007795
0.0007768
0.0007672
0.0007658
0.0007644
0.0007562
0.0007548
0.0007480
0.0007466
0.0007411
0.0007384
0.0007315
0.0007301
0.0007301
0.0007301
0.0007288
0.0007246
0.0007246
0.0007219
0.0007205
0.0007137
0.0007082
0.0007082
0.0007068
0.0007068
0.0007054
0.0006986
0.0006972
0.0006931
0.0006931
0.0006931
0.0006931
0.0006917
0.0006876
0.0006876
0.0006876
0.0006835
0.0006821
0.0006794
0.0006766
0.0006684
0.0006656
0.0006615
0.0006588
0.0006560
0.0006547
0.0006464
0.0006450
0.0006409
0.0006382
0.0006382
0.0006368
0.0006341
0.0006341
0.0006327
0.0006299
0.0006272
0.0006190
0.0006176
0.0006176
0.0006121
0.0006121
0.0006121
0.0006121
0.0006094
0.0006080
0.0006052
0.0006011
0.0005998
0.0005956
0.0005956
0.0005956
0.0005929
0.0005860
0.0005805
0.0005805
0.0005805
0.0005792
0.0005778
0.0005764
0.0005723
0.0005709
0.0005682
0.0005627
0.0005627
0.0005613
0.0005558
0.0005545
0.0005531
0.0005421
0.0005394
0.0005380
0.0005380
0.0005353
0.0005353
0.0005339
0.0005325
0.0005311
0.0005298
0.0005284
0.0005215
0.0005188
0.0005133
0.0005119
0.0005078
0.0005078
0.0005051
0.0005037
0.0005009
0.0004996
0.0004996
0.0004982
0.0004968
0.0004954
0.0004954
0.0004954
0.0004941
0.0004941
0.0004886
0.0004872
0.0004858
0.0004858
0.0004845
0.0004817
0.0004804
0.0004804
0.0004776
0.0004776
0.0004776
0.0004749
0.0004749
0.0004735
0.0004735
0.0004694
0.0004680
0.0004680
0.0004625
0.0004625
0.0004625
0.0004598
0.0004598
0.0004570
0.0004570
0.0004556
0.0004556
0.0004556
0.0004556
0.0004529
0.0004502
0.0004474
0.0004474
0.0004447
0.0004419
0.0004392
0.0004364
0.0004337
0.0004309
0.0004309
0.0004282
0.0004268
0.0004241
0.0004241
0.0004227
0.0004227
0.0004200
0.0004200
0.0004200
0.0004172
0.0004158
0.0004145
0.0004117
0.0004117
0.0004104
0.0004104
0.0004090
0.0004076
0.0004076
0.0004062
0.0004049
0.0004035
0.0004035
0.0004021
0.0003994
0.0003994
0.0003966
0.0003953
0.0003939
0.0003925
0.0003911
0.0003911
0.0003911
0.0003898
0.0003898
0.0003870
0.0003843
0.0003843
0.0003802
0.0003802
0.0003788
0.0003788
0.0003774
0.0003760
0.0003760
0.0003747
0.0003747
0.0003733
0.0003733
0.0003733
0.0003733
0.0003719
0.0003719
0.0003706
0.0003692
0.0003692
0.0003692
0.0003678
0.0003678
0.0003678
0.0003678
0.0003664
0.0003651
0.0003637
0.0003623
0.0003610
0.0003596
0.0003582
0.0003582
0.0003568
0.0003527
0.0003500
0.0003486
0.0003486
0.0003486
0.0003472
0.0003472
0.0003459
0.0003445
0.0003445
0.0003431
0.0003417
0.0003404
0.0003404
0.0003404
0.0003390
0.0003390
0.0003376
0.0003376
0.0003362
0.0003362
0.0003349
0.0003349
0.0003335
0.0003321
0.0003308
0.0003308
0.0003308
0.0003294
0.0003294
0.0003266
0.0003266
0.0003253
0.0003253
0.0003253
0.0003253
0.0003253
0.0003253
0.0003239
0.0003225
0.0003212
0.0003212
0.0003212
0.0003198
0.0003198
0.0003198
0.0003184
0.0003184
0.0003157
0.0003157
0.0003157
0.0003157
0.0003143
0.0003143
0.0003129
0.0003129
0.0003129
0.0003115
0.0003115
0.0003115
0.0003102
0.0003088
0.0003061
0.0003061
0.0003047
0.0003047
0.0003033
0.0003033
0.0003019
0.0003006
0.0002992
0.0002992
0.0002978
0.0002978
0.0002964
0.0002964
0.0002951
0.0002951
0.0002923
0.0002923
0.0002923
0.0002923
0.0002923
0.0002910
0.0002910
0.0002882
0.0002882
0.0002868
0.0002868
0.0002855
0.0002855
0.0002841
0.0002841
0.0002841
0.0002827
0.0002813
0.0002813
0.0002813
0.0002800
0.0002800
0.0002786
0.0002786
0.0002786
0.0002786
0.0002786
0.0002772
0.0002759
0.0002745
0.0002717
0.0002717
0.0002690
0.0002690
0.0002690
0.0002690
0.0002676
0.0002676
0.0002649
0.0002649
0.0002649
0.0002635
0.0002635
0.0002621
0.0002621
0.0002621
0.0002608
0.0002608
0.0002608
0.0002608
0.0002594
0.0002594
0.0002594
0.0002566
0.0002566
0.0002566
0.0002553
0.0002553
0.0002512
0.0002498
0.0002498
0.0002498
0.0002498
0.0002484
0.0002470
0.0002470
0.0002470
0.0002470
0.0002470
0.0002457
0.0002443
0.0002443
0.0002443
0.0002443
0.0002429
0.0002429
0.0002429
0.0002415
0.0002415
0.0002415
0.0002415
0.0002402
0.0002402
0.0002388
0.0002388
0.0002374
0.0002374
0.0002374
0.0002361
0.0002361
0.0002361
0.0002361
0.0002347
0.0002347
0.0002347
0.0002333
0.0002333
0.0002333
0.0002319
0.0002319
0.0002306
0.0002306
0.0002306
0.0002306
0.0002292
0.0002292
0.0002278
0.0002278
0.0002278
0.0002278
0.0002278
0.0002278
0.0002265
0.0002265
0.0002265
0.0002265
0.0002265
0.0002265
0.0002265
0.0002251
0.0002251
0.0002251
0.0002251
0.0002251
0.0002237
0.0002237
0.0002237
0.0002223
0.0002223
0.0002210
0.0002210
0.0002210
0.0002210
0.0002196
0.0002196
0.0002196
0.0002196
0.0002182
0.0002182
0.0002182
0.0002182
0.0002168
0.0002168
0.0002168
0.0002155
0.0002155
0.0002155
0.0002155
0.0002141
0.0002141
0.0002141
0.0002127
0.0002127
0.0002127
0.0002127
0.0002127
0.0002127
0.0002127
0.0002114
0.0002114
0.0002100
0.0002100
0.0002100
0.0002100
0.0002100
0.0002086
0.0002086
0.0002072
0.0002059
0.0002059
0.0002059
0.0002059
0.0002059
0.0002059
0.0002045
0.0002045
0.0002045
0.0002045
0.0002045
0.0002031
0.0002031
0.0002017
0.0002017
0.0002004
0.0002004
0.0002004
0.0002004
0.0002004
0.0001990
0.0001990
0.0001990
0.0001990
0.0001990
0.0001990
0.0001976
0.0001976
0.0001963
0.0001963
0.0001963
0.0001963
0.0001963
0.0001949
0.0001949
0.0001949
0.0001949
0.0001935
0.0001935
0.0001935
0.0001935
0.0001935
0.0001921
0.0001921
0.0001921
0.0001921
0.0001921
0.0001908
0.0001908
0.0001908
0.0001908
0.0001894
0.0001894
0.0001894
0.0001894
0.0001894
0.0001880
0.0001880
0.0001880
0.0001880
0.0001867
0.0001867
0.0001867
0.0001867
0.0001867
0.0001867
0.0001853
0.0001853
0.0001853
0.0001839
0.0001839
0.0001839
0.0001839
0.0001825
0.0001825
0.0001825
0.0001825
0.0001825
0.0001825
0.0001825
0.0001825
0.0001825
0.0001825
0.0001812
0.0001812
0.0001812
0.0001812
0.0001812
0.0001812
0.0001798
0.0001798
0.0001798
0.0001798
0.0001798
0.0001798
0.0001798
0.0001784
0.0001784
0.0001784
0.0001770
0.0001770
0.0001770
0.0001770
0.0001757
0.0001757
0.0001757
0.0001757
0.0001743
0.0001743
0.0001743
0.0001743
0.0001743
0.0001743
0.0001743
0.0001743
0.0001729
0.0001729
0.0001729
0.0001729
0.0001729
0.0001716
0.0001716
0.0001716
0.0001716
0.0001716
0.0001716
0.0001702
0.0001702
0.0001702
0.0001702
0.0001688
0.0001688
0.0001688
0.0001688
0.0001688
0.0001688
0.0001688
0.0001688
0.0001674
0.0001661
0.0001661
0.0001661
0.0001661
0.0001661
0.0001661
0.0001661
0.0001647
0.0001647
0.0001647
0.0001647
0.0001647
0.0001647
0.0001633
0.0001633
0.0001633
0.0001633
0.0001633
0.0001633
0.0001633
0.0001633
0.0001619
0.0001619
0.0001619
0.0001619
0.0001619
0.0001619
0.0001606
0.0001606
0.0001606
0.0001606
0.0001606
0.0001606
0.0001606
0.0001592
0.0001592
0.0001592
0.0001592
0.0001592
0.0001578
0.0001578
0.0001578
0.0001578
0.0001578
0.0001578
0.0001578
0.0001565
0.0001565
0.0001565
0.0001551
0.0001551
0.0001551
0.0001551
0.0001551
0.0001537
0.0001537
0.0001537
0.0001537
0.0001537
0.0001537
0.0001523
0.0001523
0.0001523
0.0001510
0.0001510
0.0001510
0.0001510
0.0001510
0.0001510
0.0001510
0.0001510
0.0001510
0.0001510
0.0001510
0.0001496
0.0001496
0.0001496
0.0001496
0.0001496
0.0001496
0.0001496
0.0001496
0.0001482
0.0001482
0.0001482
0.0001482
0.0001482
0.0001482
0.0001482
0.0001469
0.0001469
0.0001469
0.0001469
0.0001469
0.0001455
0.0001455
0.0001455
0.0001455
0.0001455
0.0001455
0.0001455
0.0001455
0.0001455
0.0001441