0.0206342
0.0197920
0.0177541
0.0159102
0.0149656
0.0149430
0.0139211
0.0135440
0.0132383
0.0132287
0.0126078
0.0122639
0.0121212
0.0120867
0.0118737
0.0118642
0.0116632
0.0113646
0.0108281
0.0106663
0.0101654
0.0099572
0.0093267
0.0087069
0.0086249
0.0084869
0.0081883
0.0080372
0.0079706
0.0076172
0.0074661
0.0073163
0.0072580
0.0071521
0.0070902
0.0067036
0.0066786
0.0057507
0.0054747
0.0054640
0.0054152
0.0053319
0.0051392
0.0047990
0.0045896
0.0045527
0.0044873
0.0044338
0.0044290
0.0043921
0.0043767
0.0043089
0.0043017
0.0042470
0.0042077
0.0042054
0.0039984
0.0039841
0.0038889
0.0038485
0.0037949
0.0037735
0.0037616
0.0037378
0.0036795
0.0036510
0.0035820
0.0034844
0.0032727
0.0032489
0.0031823
0.0031823
0.0031525
0.0031466
0.0031026
0.0030490
0.0029729
0.0029622
0.0029574
0.0029336
0.0029277
0.0029194
0.0029146
0.0028075
0.0026505
0.0026493
0.0026386
0.0025208
0.0025006
0.0024625
0.0024542
0.0024471
0.0024209
0.0023436
0.0023436
0.0023317
0.0022948
0.0022567
0.0022425
0.0022258
0.0021354
0.0021057
0.0020973
0.0020866
0.0020045
0.0019486
0.0019308
0.0019284
0.0019189
0.0018951
0.0018772
0.0018772
0.0018618
0.0018606
0.0018582
0.0018237
0.0018094
0.0018082
0.0017975
0.0017928
0.0017892
0.0017773
0.0017749
0.0017571
0.0017511
0.0017440
0.0017333
0.0017155
0.0017036
0.0017024
0.0016893
0.0016869
0.0016595
0.0016536
0.0016500
0.0016357
0.0016191
0.0016120
0.0015894
0.0015870
0.0015798
0.0015656
0.0015584
0.0015418
0.0015346
0.0014704
0.0014204
0.0014109
0.0014097
0.0014085
0.0013978
0.0013871
0.0013847
0.0013835
0.0013728
0.0013705
0.0013681
0.0013657
0.0013609
0.0013514
0.0013419
0.0013371
0.0013348
0.0013110
0.0013110
0.0012919
0.0012884
0.0012884
0.0012693
0.0012574
0.0011920
0.0011884
0.0011884
0.0011884
0.0011730
0.0011587
0.0011432
0.0011409
0.0011337
0.0011337
0.0011278
0.0011230
0.0011171
0.0011016
0.0010980
0.0010921
0.0010826
0.0010612
0.0010493
0.0010397
0.0010326
0.0010195
0.0010159
0.0010159
0.0010148
0.0010005
0.0009981
0.0009945
0.0009945
0.0009874
0.0009874
0.0009862
0.0009862
0.0009779
0.0009755
0.0009696
0.0009612
0.0009588
0.0009553
0.0009529
0.0009469
0.0009458
0.0009410
0.0009255
0.0009243
0.0009232
0.0009148
0.0009125
0.0009017
0.0008994
0.0008934
0.0008887
0.0008815
0.0008791
0.0008744
0.0008696
0.0008589
0.0008577
0.0008399
0.0008387
0.0008327
0.0008256
0.0008244
0.0008066
0.0007994
0.0007982
0.0007982
0.0007935
0.0007804
0.0007733
0.0007721
0.0007685
0.0007685
0.0007661
0.0007649
0.0007578
0.0007518
0.0007411
0.0007411
0.0007328
0.0007304
0.0007245
0.0007245
0.0007185
0.0007185
0.0007138
0.0007114
0.0007102
0.0007031
0.0006995
0.0006947
0.0006662
0.0006650
0.0006638
0.0006614
0.0006614
0.0006555
0.0006531
0.0006519
0.0006460
0.0006412
0.0006400
0.0006376
0.0006246
0.0006246
0.0006222
0.0006222
0.0006162
0.0006162
0.0006162
0.0006150
0.0006127
0.0006008
0.0005984
0.0005948
0.0005924
0.0005853
0.0005853
0.0005829
0.0005817
0.0005782
0.0005722
0.0005710
0.0005686
0.0005663
0.0005651
0.0005639
0.0005603
0.0005603
0.0005579
0.0005579
0.0005567
0.0005544
0.0005520
0.0005520
0.0005472
0.0005472
0.0005460
0.0005377
0.0005353
0.0005353
0.0005353
0.0005341
0.0005318
0.0005282
0.0005246
0.0005234
0.0005199
0.0005163
0.0005104
0.0005068
0.0005044
0.0005020
0.0005008
0.0004985
0.0004985
0.0004985
0.0004878
0.0004806
0.0004794
0.0004782
0.0004770
0.0004735
0.0004687
0.0004663
0.0004604
0.0004592
0.0004580
0.0004568
0.0004568
0.0004556
0.0004556
0.0004544
0.0004544
0.0004497
0.0004485
0.0004485
0.0004449
0.0004449
0.0004366
0.0004330
0.0004330
0.0004306
0.0004306
0.0004295
0.0004283
0.0004271
0.0004259
0.0004259
0.0004247
0.0004223
0.0004211
0.0004199
0.0004188
0.0004176
0.0004152
0.0004152
0.0004140
0.0004116
0.0004116
0.0004104
0.0004080
0.0004057
0.0004057
0.0004021
0.0004021
0.0004009
0.0004009
0.0003997
0.0003985
0.0003985
0.0003973
0.0003938
0.0003914
0.0003902
0.0003890
0.0003878
0.0003878
0.0003878
0.0003854
0.0003795
0.0003783
0.0003724
0.0003664
0.0003652
0.0003628
0.0003616
0.0003593
0.0003581
0.0003557
0.0003557
0.0003521
0.0003521
0.0003498
0.0003486
0.0003486
0.0003438
0.0003390
0.0003367
0.0003367
0.0003343
0.0003331
0.0003331
0.0003307
0.0003307
0.0003295
0.0003295
0.0003295
0.0003283
0.0003283
0.0003283
0.0003271
0.0003260
0.0003248
0.0003236
0.0003200
0.0003200
0.0003176
0.0003176
0.0003164
0.0003164
0.0003164
0.0003129
0.0003117
0.0003105
0.0003081
0.0003081
0.0003069
0.0003069
0.0003057
0.0003057
0.0003034
0.0003034
0.0002998
0.0002998
0.0002998
0.0002998
0.0002998
0.0002974
0.0002974
0.0002962
0.0002962
0.0002950
0.0002950
0.0002950
0.0002927
0.0002927
0.0002915
0.0002903
0.0002903
0.0002891
0.0002879
0.0002867
0.0002855
0.0002855
0.0002855
0.0002831
0.0002831
0.0002831
0.0002831
0.0002831
0.0002819
0.0002796
0.0002796
0.0002784
0.0002784
0.0002736
0.0002712
0.0002712
0.0002700
0.0002689
0.0002689
0.0002677
0.0002665
0.0002665
0.0002665
0.0002653
0.0002653
0.0002641
0.0002617
0.0002605
0.0002605
0.0002593
0.0002593
0.0002570
0.0002546
0.0002546
0.0002522
0.0002510
0.0002510
0.0002498
0.0002498
0.0002486
0.0002474
0.0002463
0.0002463
0.0002451
0.0002451
0.0002451
0.0002439
0.0002439
0.0002439
0.0002415
0.0002415
0.0002403
0.0002403
0.0002403
0.0002391
0.0002391
0.0002391
0.0002379
0.0002367
0.0002367
0.0002367
0.0002344
0.0002332
0.0002320
0.0002284
0.0002284
0.0002284
0.0002284
0.0002284
0.0002272
0.0002272
0.0002260
0.0002260
0.0002248
0.0002225
0.0002201
0.0002201
0.0002201
0.0002189
0.0002189
0.0002177
0.0002165
0.0002165
0.0002165
0.0002141
0.0002141
0.0002129
0.0002129
0.0002118
0.0002118
0.0002118
0.0002106
0.0002106
0.0002106
0.0002106
0.0002094
0.0002094
0.0002082
0.0002082
0.0002070
0.0002070
0.0002058
0.0002058
0.0002058
0.0002046
0.0002046
0.0001999
0.0001999
0.0001999
0.0001999
0.0001987
0.0001987
0.0001975
0.0001975
0.0001963
0.0001963
0.0001951
0.0001951
0.0001951
0.0001951
0.0001951
0.0001939
0.0001939
0.0001939
0.0001927
0.0001927
0.0001927
0.0001915
0.0001915
0.0001880
0.0001880
0.0001868
0.0001868
0.0001856
0.0001856
0.0001844
0.0001832
0.0001820
0.0001796
0.0001796
0.0001784
0.0001773
0.0001761
0.0001761
0.0001749
0.0001749
0.0001749
0.0001749
0.0001737
0.0001725
0.0001725
0.0001725
0.0001725
0.0001725
0.0001725
0.0001713
0.0001713
0.0001713
0.0001713
0.0001701
0.0001689
0.0001689
0.0001677
0.0001677
0.0001677
0.0001665
0.0001665
0.0001654
0.0001654
0.0001654
0.0001642
0.0001630
0.0001618
0.0001618
0.0001618
0.0001606
0.0001606
0.0001594
0.0001582
0.0001570
0.0001570
0.0001558
0.0001558
0.0001558
0.0001558
0.0001558
0.0001558
0.0001558
0.0001547
0.0001547
0.0001547
0.0001547
0.0001547
0.0001547
0.0001547
0.0001535
0.0001535
0.0001535
0.0001523
0.0001523
0.0001523
0.0001499
0.0001499
0.0001499
0.0001487
0.0001487
0.0001475
0.0001475
0.0001475
0.0001475
0.0001463
0.0001463
0.0001451
0.0001451
0.0001451
0.0001451
0.0001451
0.0001451
0.0001439
0.0001439
0.0001439
0.0001439
0.0001439
0.0001428
0.0001428
0.0001428
0.0001428
0.0001416
0.0001416
0.0001416
0.0001416
0.0001416
0.0001404
0.0001404
0.0001404
0.0001404
0.0001404
0.0001392
0.0001392
0.0001392
0.0001392
0.0001380
0.0001380
0.0001380
0.0001380
0.0001368
0.0001356
0.0001356
0.0001356
0.0001344
0.0001344
0.0001344
0.0001332
0.0001332
0.0001332
0.0001332
0.0001332
0.0001332
0.0001320
0.0001320
0.0001320
0.0001320
0.0001320
0.0001309
0.0001309
0.0001309
0.0001309
0.0001297
0.0001297
0.0001297
0.0001297
0.0001285
0.0001285
0.0001285
0.0001285
0.0001273
0.0001273
0.0001273
0.0001273
0.0001261
0.0001261
0.0001261
0.0001261
0.0001249
0.0001249
0.0001249
0.0001249
0.0001249
0.0001249
0.0001237
0.0001237
0.0001237
0.0001237
0.0001237
0.0001237
0.0001237
0.0001237
0.0001225
0.0001225
0.0001225
0.0001225
0.0001225
0.0001225
0.0001213
0.0001213
0.0001213
0.0001213
0.0001202
0.0001202
0.0001202
0.0001202
0.0001202
0.0001202
0.0001190
0.0001190
0.0001178
0.0001178
0.0001166
0.0001166
0.0001154
0.0001142
0.0001142
0.0001142
0.0001142
0.0001142
0.0001130
0.0001130
0.0001130
0.0001130
0.0001130
0.0001130
0.0001130
0.0001130
0.0001130
0.0001118
0.0001118
0.0001118
0.0001118
0.0001118
0.0001118
0.0001118
0.0001106
0.0001106
0.0001106
0.0001106
0.0001094
0.0001094
0.0001094
0.0001094
0.0001094
0.0001094
0.0001094
0.0001094
0.0001094
0.0001094
0.0001083
0.0001083
0.0001083
0.0001083
0.0001083
0.0001083
0.0001083
0.0001071
0.0001071
0.0001071
0.0001071
0.0001071
0.0001059
0.0001059
0.0001059
0.0001059
0.0001059
0.0001047
0.0001047
0.0001047
0.0001047
0.0001047
0.0001047
0.0001047
0.0001047
0.0001047
0.0001047
0.0001047
0.0001047
0.0001047
0.0001035
0.0001035
0.0001035
0.0001035
0.0001035
0.0001035
0.0001035
0.0001035
0.0001035
0.0001023
0.0001023
0.0001023
0.0001023
0.0001023
0.0001023
0.0001023
0.0001011
0.0001011
0.0001011
0.0001011
0.0001011
0.0001011
0.0001011
0.0001011
0.0001011
0.0001011
0.0001011
0.0001011
0.0001011
0.0000999
0.0000999
0.0000999
0.0000999
0.0000999
0.0000999
0.0000999
0.0000999
0.0000987
0.0000987
0.0000987
0.0000987
0.0000987
0.0000987
0.0000987
0.0000987
0.0000976
0.0000976
0.0000976
0.0000976
0.0000976
0.0000976
0.0000976
0.0000976
0.0000976
0.0000964
0.0000964
0.0000964
0.0000964
0.0000964
0.0000964
0.0000964
0.0000964
0.0000964
0.0000964
0.0000952
0.0000952
0.0000952
0.0000940
0.0000940
0.0000940
0.0000940
0.0000940
0.0000940
0.0000940
0.0000940
0.0000928
0.0000928
0.0000928
0.0000928
0.0000928
0.0000928
0.0000928
0.0000916
0.0000916
0.0000916
0.0000916
0.0000916
0.0000916
0.0000916
0.0000916
0.0000916
0.0000904
0.0000904
0.0000904
0.0000904
0.0000904
0.0000904
0.0000904
0.0000904
0.0000892
0.0000892
0.0000892
0.0000892
0.0000892
0.0000892
0.0000892
0.0000880
0.0000880
0.0000880
0.0000880
0.0000880
0.0000880
0.0000880
0.0000880
0.0000880
0.0000880
0.0000880
0.0000868
0.0000868
0.0000868
0.0000868
0.0000868
0.0000868
0.0000868
0.0000868
0.0000868
0.0000857
0.0000857
0.0000857
0.0000857
0.0000857
0.0000857
0.0000845
0.0000845
0.0000845
0.0000845
0.0000845
0.0000845
0.0000845
0.0000833
0.0000833
0.0000833
0.0000833
0.0000833
0.0000833
0.0000833
0.0000821
0.0000821
0.0000821
0.0000821
0.0000821
0.0000821